0
0.7871243712470369
-0.4718449887081266
0.22322947881155097
0.17893509551627074
0.1423491236203973
0.11526020333457487
-0.5093085599373057
0.19347554821770352
0.7815175325327073
0
0
0
0
0
0
0.7843490476217337
-0.7628311344394474
0
-0.6102950073304032
0
-0.4922501016523633
-0.3897029726446625
0
0.7793176700639197
0
0.12321779168555202
-0.4950830376972191
0.7745666299867551
0
0.04348106134376695
0.030977265347390648
0.024069616667440785
0
0.01928468786517845
0
0
-0.5854250751540564
0
0
0
0
0.7725823388013232
0
0
-0.6223161879299728
-0.4960078034675211
0.2013354923907109
0
0.16086078054609465
0
0.1288075013305966
-0.49561939144225525
0
0
0
0
0
0.20390234723530498
0
0.7741220907408694
-0.5972247790115688
0
0.12328760221788482
-0.49816737393069094
0
0
0
0
0.7705612657357077
0.7657631160613707
0
-0.7141268282180511
0
0.03278902322049937
0.7698990076564295
0
0
0
0
0
0
0
-0.7289688075666576
0
0
0.7641954788095472
0
0.7561376150592954
0
0
0.7889994877316913
0.7873560272472755
0
0.7856805005618709
0
0
0
0.7841233278543871
0.7825425628230512
0.7808575944229791
0
0.7793704444969066
0.7775834900750832
0.7759819377448475
0
0
0.7745064101874304
0.772788599111472
0.7711447955085953
0.769407691583988
0.7683113012702318
0
0.7665516314549897
0
0
0.7652563679755908
0.7632740072567546
0.7616744452595923
0
0.7597479123377283
0
0
0
0
0
0
0
0
0.7584397391324289
0.7570329631705228
0.7554902475380457
0.7533293217036806
0
0.7520689582462946
0.7499781786879117
0
0.7485594003567267
0
0.7470863764949623
0
0
0.7459885660460158
0
0.7436458312169856
0
0.7421926964302552
0
0.739823396285778
0.7383945263502115
0
0.7377848941084205
0
0.7353186588696305
0
0.7339379795665801
0.7316757182849718
0
0
0.7302181062436622
0
0
0.7301648905395679
0.7283601054894236
0.72503363343815
0
0
0
0
0
0
0.7239229770658637
0.7222258254257664
0
0
0
0.7205348356030433
0.717502616335092
0
0
0.7153162134774962
0.7158888857706105
0.7124708445859836
0
0
0
0.7099771020588114
0
0
0.7074208808970608
0
0.7077885311354079
0.7047441085277315
0.7042043538879208
0
0
0.7009202868858815
0
0.6986696437535849
0.7007555236400133
0.6962495539633824
0
0.6959258084232205
0.6919471302884188
0
0
0.6920924486790448
0
0
0.6888271500232956
0.6830562767129552
0
0.6820780043150684
0.6777428852408546
0
0.6759976295637912
0.6781544237420253
0.6754687504104026
0.6695112066772273
0.6696680358287799
0
0.664263055803994
0.6669212327945254
0.663873304806601
0.6581487418519237
0.6551811130551217
0
0.6487458900618679
0
0.6492553727886153
0
0
0.64356105027853
0.6484875828857051
0
0
0.6313489793866968
0
0.6346150900461351
0
0.6275837653939655
0
0
0
0.6305518279388586
0
0
0
0.6209528130717553
0
0.6256477859589491
0.6166911917730487
0.6107442247832693
0.6174640840283228
-0.0018899063237156621
0
0
0.5977132805826273
0.612998079197724
0.5842815103158717
0.5863194690301249
-0.0082558831155084
-0.023100523546092683
0.5851623248805713
0.5803092617795562
-0.016848195500794805
0.5728937699189638
-0.024724098498827285
0.5693983904309415
-0.0545974262587246
-0.01925256986143628
0.5498501688101362
0.5549431476103607
0.5640748010358018
-0.035686194336272764
0.5478653838258312
-0.028228926038980973
-0.06563574253475651
0.5206816040581961
-0.05093251660190529
-0.04727513228665764
-0.05791233740892643
-0.03617346894678519
0.5585922711534277
-0.036981244280885756
0.5262511502332121
-0.04823850952830189
0.536019664875028
-0.06918578617449811
-0.06619700518464905
-0.05406842525156935
0.5292975792345643
-0.046292839769879496
-0.050651446974395886
-0.04997312094633663
-0.05554078548453556
0.5093422407872885
-0.07910508026544105
-0.07824306508149059
-0.06910242662628646
-0.057785579341493976
0.5356084074781869
-0.06800838577783996
0.5587389394699698
-0.11116148131584824
0.5502945013290848
0.4945822541517245
-0.10499441632766549
-0.06958429455004606
0.5240153583323829
-0.10998607007464117
0.4949771980780089
0.49042633949658493
-0.12981585957090958
0.495481027783386
-0.1189951525579308
0.5004844128438604
-0.09753654078137941
-0.12489600458146244
-0.09559965330489062
-0.08172040878549885
-0.11610942007241926
-0.10852685934388268
-0.11196418226005722
0.47368308820006766
-0.07898768545583507
-0.08982748215675096
-0.11087419293698336
-0.09416402209046498
-0.08480121306253563
0.528212582476624
-0.11931233575840972
0.5121898083591621
-0.08365865800955935
-0.11190986835984151
0.4706863552203923
-0.11935874725156098
-0.128887480965995
-0.09468263990312104
-0.11303681449646197
-0.11787750469231051
0.5145736431823398
0.4631415180364934
0.4978383493427501
-0.1027759521314075
0.4527225487503887
0.4556169616655768
0.45790147966157724
-0.15384050851782843
-0.14764653156016566
0.47562079671884694
-0.09997593898750506
0.46509569388432753
0.49393460093151387
0.4403663629357737
-0.20276248687458748
-0.11550664152637352
0.43361835817937777
0.41981179387610984
-0.1460465245269048
0.4428738605002092
-0.14799504660863788
0.4191563247645468
-0.19072839611733727
0.39925168550510637
-0.14701653331657588
-0.15714666337537875
0.40694626507157516
-0.19783095790584826
-0.15751774733133705
-0.1527446398836742
0.3915426922933938
-0.1651054398922871
-0.14046252936595288
-0.1538293558083874
0.39238863530367896
0.4191609948138673
0.45504703476647523
0.4607024806142843
0.3658313971958926
0.3500843783260325
0.42542520123059946
-0.1669825318052658
-0.2261042861312808
0.4295415790203672
0.35680517861147937
0.3526738674764724
-0.15717726956330325
-0.1758038100383179
0.36622696172105623
-0.21312342284510494
0.41300623495647004
-0.21596485018388617
-0.16477543413806883
-0.17207832936406064
0.39758736794227817
-0.18966944043609063
0.3756734066240877
0.4084050690511701
0.32679243280289993
0.38069716068860404
0.3352994394363877
-0.2578624089809081
-0.1867544585888754
0.3522313287599902
-0.2433795673618292
0.31624133432170326
-0.20044615895764595
-0.17839904506441462
0.407663051812053
0.3212132276548433
-0.22152140202551351
0.36552876371773907
-0.2474671631381068
-0.24948060907411268
-0.21264974734447661
0.32763805555068165
0.3124663695211453
-0.22040612053116504
0.35289371558408783
-0.22973493150261204
0.3199788790892724
0.35314169029354264
-0.24813899901732012
-0.2266323490111165
-0.17977856288808197
0.3323596445390905
-0.20356163921160275
-0.18721012581702706
0.3006803526127826
-0.20794753076832428
0.30175773961011854
-0.2103965040105249
0.3808699293384341
-0.20088387950471914
0.4106925294307441
-0.2138747785810577
-0.23468933699025357
-0.24326840709596836
0.3365167048772887
0.3874605713085884
0.3448988023230159
0.3849664562462019
-0.2685716301347083
0.2716592049804686
0.37356390068007744
-0.2466667505690096
-0.25616095289372126
-0.25407115316809487
-0.21864476388824
0.2741393861394693
0.3341254239953151
0.2725137960230244
0.28622817557297686
0.3669764858431596
0.3183178365986479
0.259128470549696
0.2497551965767404
-0.21512087863165114
-0.2528649228381747
-0.255128449991188
-0.2054870065892635
0.24296919573513143
0.352987938991288
-0.2866467634310952
0.32221539226190177
0.23336431001899416
0.3376192286149561
0.27335777955689033
0.3501353495023874
-0.2540928839987049
0.31464593296710425
0.23032158471068231
0.26951525676853905
-0.2818725329208965
0.2793177467871115
-0.26423405140996037
0.26811013094379044
-0.280273365404612
0.24418401131329703
0.3642075288062012
0.22307874310075693
-0.27649768999103685
0.23674728091753106
0.25977572192957
-0.2502595011271167
-0.27596829054033306
0.2557949688503476
0.20728104621707943
0.20983857274237327
0.2805040882322878
0.24092090492255702
-0.29402349775190884
0.2612864768448472
-0.4213827664256426
-0.314290985257549
-0.26092032800302756
0.19607879630302205
-0.2701072282096718
-0.2833740723771442
0.2623168131781587
0.19374222345616954
-0.30812103089872384
-0.26921509126112786
0.22363913034029148
0.25224557668861913
-0.3427646348692575
-0.24765283986193198
0.2345425261663442
0.28831850581949836
-0.27466732402565225
0.2268486556262097
-0.24270055347605662
0.19641986531931954
0.26496538135745085
0.20028975538444305
0.3402896057846947
0.2400292903341804
0.263011054433937
-0.3037587984771684
-0.2617120037373415
0.1968023254447251
0.19629686503241528
-0.28594911992700395
-0.3288240414047186
0.2088509918028293
0.18926080916239885
-0.3686877286711672
0.22784147274051036
0.20484860267573002
0.23242599959389254
-0.40167376595324394
0.21794048231560026
-0.30125684906650146
0.3045957578334879
0.22330749140322725
0.1810721673576805
0.1610197496584198
0.21576466777498526
0.15672685788351037
0.2566864848828987
0.15397083943578083
-0.37527695758407537
-0.2624561939828135
0.2593197742216984
0.25993535112576593
-0.323561523345619
0.2913391766856691
-0.299379748430878
0.27717706721553237
0.22344956095517787
-0.41063787021831105
-0.38229338177629973
0.18635439556809208
0.1618247886783747
-0.2839160923963176
0.32194628361873795
-0.3693702279114351
-0.2820236239971686
0.2291668593498043
0.25782635040305657
-0.25564623958951854
0.17760897575245804
0.15414825693152379
0.262128655678331
0.19070133957709345
0.18689082803282475
0.15644015861705207
-0.3629287922892382
-0.24947458304452014
0.18612298133108984
0.25482108261564407
0.20330334255095606
0.21692434053931642
-0.42720823649427037
-0.30314599152935134
0.26399503557178683
0.17792340922605554
0.16974601564150138
-0.34811330716934025
0.20390855240488026
-0.2878614439124692
-0.26865177253697353
0.15836475648359172
-0.3577574954176566
-0.23662876682767914
0.288264048226596
-0.2705525754736307
0.15193492306113554
0.24648938190517178
-0.2836414561576423
0.22921801443944068
-0.30476999778104347
0.1472675396226547
0.21923164280708773
0.1602282781044092
-0.2524432667821733
-0.2602926644033478
-0.41055888043291394
-0.2925126921770702
0.19560279977143435
0.1749830749095116
-0.3269253955989451
-0.22613618679695213
-0.24186258132196703
-0.23759567710881102
-0.36069872107163387
0.211236456705174
-0.2337139745671375
-0.2819034082075093
0.26967539732713286
0.19705245096013313
0.2067450133763068
-0.27847235619481303
-0.3200950972777468
-0.23639531161608507
0.2937901170712277
0.251427657969555
-0.2149568665131656
-0.34701227523202166
0.18776523520472366
-0.2746166841444112
-0.28014006208527703
-0.28627607110634584
-0.2727346364977777
0.2559119069011917
-0.25385644364080995
0.23965917576651596
0.32192345209027073
0.23052656825890327
-0.28941262506121007
-0.25707170338482754
0.27310604418250795
0.23536969657411566
0.2804391498551193
0.210102841121645
-0.22907499431628126
-0.24798116328005432
0.2813280512858489
0.3095719209813086
-0.2333113256432766
0.29941437551958583
0.18077951018266525
-0.28038586284279504
-0.3480983048060426
-0.2214146257508975
0.32239869975132385
-0.26149057829919814
0.2862957152657585
0.33540569366730555
0.2467897246687797
-0.3678632839647716
0.28724182889225225
0.27443653470645435
0.20582084433991765
-0.2922022918295838
-0.2732965507548869
0.18785150828375874
-0.3443327105448542
-0.3120723035615525
-0.26070753234706506
-0.22061626762305908
-0.19033394078774846
-0.3161901083792222
0.22922973097427346
-0.28765783663288347
-0.2278625972273522
0.2675591256871309
-0.34515743146672667
0.2805322736015946
-0.28439660092708086
0.22218068799887003
-0.16924163211621746
0.2963821676020705
0.23350316504739466
0.3683526521690795
-0.257933573113076
0.2734546107008272
-0.24305878481575094
-0.24797064425897686
0.31859516348873756
0.30984287211768685
-0.25878100247415703
-0.2244683179984493
0.30054830834710405
0.266679859861221
-0.2753450859344316
0.21799569339124392
-0.17777836423218396
0.18484068016852595
0.21347219135799367
-0.1856555048661711
0.18389520887677713
-0.23334375286266934
-0.3082664378359707
0.25394324450681593
0.24754489669324142
0.19255225305325785
-0.23030295152234637
-0.26753506017809153
